$ANSIBLE_VAULT;1.1;AES256
32633837306665376363626137643136313964356164616165303032373633353630636662363031
3634396461373533353331623165303733393566356364320a623430383964303936303131366432
65653063666264353037643365323332303061356138636662366138316565376263386331333237
3535346232393833350a366236316164346462613136633631303238333733636534346462633838
61346330346566323064616361646533383332616131396266303334653936643163396133633562
36633037363835653132346332336461316335306334323761633130633265323366376130393236
35343461643531616361373730336130303331313935333738626666373463343737633136613435
33656137373165373236646636326636356361343766363539656431376232626663393965646565
32613562303137353764636435626538353764386564663835383063383935356664373334323034
30666238633131613737346632626465666131306338373264326138353133306564393236306635
37643163303563393530303131623062323737653661346235646563363538333632323833313432
66663631326634303363373866393466363832623962633532353835306537333035346334346233
64343761303635373061383633636333386265333735353961346230643965623161336462633963
65313734366665373065303262623362333730616665303630626637613334643536323931613137
61366130636437336563316131646463323664323062353461396536343364363730376266316632
36623830383534313537656635343264323666393563393462646466613235623131343062333766
38656161353063613933306665373738396365633038306235643365306435333932623331613831
65316461343462353863613762303536393461363139393334616339613438303961396234633735
39363531623738303863653033636166306138666432373331386664646530633266326530313962
65303063386130623032383566663265366362663133613530353666343338353934356139323735
38626538323135383835663764633863376162653439353061373963636266323337333266303737
64313130353462343630663861306561636435356239313264623039343331616532353639376166
663036616366386663313832623863646633
